"Frequency", "Magnitude"
10.0, -12.307784
10.0, -12.307784
10.0, -12.307784
10.0, -12.307784
10.0, -12.307784
10.0, -12.307784
10.0, -12.307784
10.0, -12.307784
10.0, -12.307784
10.0, -12.307784
10.0, -12.307784
11.0, -13.833907
11.0, -13.833907
11.0, -13.833907
11.0, -13.833907
11.0, -13.833907
11.0, -13.833907
11.0, -13.833907
11.0, -13.833907
11.0, -13.833907
11.0, -13.833907
12.0, -15.335502
12.0, -15.335502
12.0, -15.335502
12.0, -15.335502
12.0, -15.335502
12.0, -15.335502
12.0, -15.335502
12.0, -15.335502
12.0, -15.335502
13.0, -16.810193
13.0, -16.810193
13.0, -16.810193
13.0, -16.810193
13.0, -16.810193
13.0, -16.810193
13.0, -16.810193
13.0, -16.810193
14.0, -18.255202
14.0, -18.255202
14.0, -18.255202
14.0, -18.255202
14.0, -18.255202
14.0, -18.255202
14.0, -18.255202
14.0, -18.255202
15.0, -19.666186
15.0, -19.666186
15.0, -19.666186
15.0, -19.666186
15.0, -19.666186
15.0, -19.666186
15.0, -19.666186
16.0, -21.036081
16.0, -21.036081
16.0, -21.036081
16.0, -21.036081
16.0, -21.036081
16.0, -21.036081
17.0, -22.353945
17.0, -22.353945
17.0, -22.353945
17.0, -22.353945
17.0, -22.353945
17.0, -22.353945
17.0, -22.353945
18.0, -23.603900
18.0, -23.603900
18.0, -23.603900
18.0, -23.603900
18.0, -23.603900
18.0, -23.603900
19.0, -24.764538
19.0, -24.764538
19.0, -24.764538
19.0, -24.764538
19.0, -24.764538
19.0, -24.764538
20.0, -25.809446
20.0, -25.809446
20.0, -25.809446
20.0, -25.809446
20.0, -25.809446
21.0, -26.709657
21.0, -26.709657
21.0, -26.709657
21.0, -26.709657
21.0, -26.709657
22.0, -27.438405
22.0, -27.438405
22.0, -27.438405
22.0, -27.438405
22.0, -27.438405
23.0, -27.977301
23.0, -27.977301
23.0, -27.977301
23.0, -27.977301
23.0, -27.977301
24.0, -28.321459
24.0, -28.321459
24.0, -28.321459
24.0, -28.321459
25.0, -28.480891
25.0, -28.480891
25.0, -28.480891
25.0, -28.480891
25.0, -28.480891
26.0, -28.477391
26.0, -28.477391
26.0, -28.477391
26.0, -28.477391
27.0, -28.338779
27.0, -28.338779
27.0, -28.338779
27.0, -28.338779
28.0, -28.093350
28.0, -28.093350
28.0, -28.093350
28.0, -28.093350
29.0, -27.766283
29.0, -27.766283
29.0, -27.766283
29.0, -27.766283
30.0, -27.378193
30.0, -27.378193
30.0, -27.378193
31.0, -26.945161
31.0, -26.945161
31.0, -26.945161
31.0, -26.945161
32.0, -26.479442
32.0, -26.479442
32.0, -26.479442
33.0, -25.990336
33.0, -25.990336
33.0, -25.990336
33.0, -25.990336
34.0, -25.484963
34.0, -25.484963
34.0, -25.484963
35.0, -24.968863
35.0, -24.968863
35.0, -24.968863
36.0, -24.446422
36.0, -24.446422
36.0, -24.446422
37.0, -23.921173
37.0, -23.921173
37.0, -23.921173
38.0, -23.395992
38.0, -23.395992
38.0, -23.395992
39.0, -22.873239
39.0, -22.873239
39.0, -22.873239
40.0, -22.354856
40.0, -22.354856
41.0, -21.842439
41.0, -21.842439
41.0, -21.842439
42.0, -21.337294
42.0, -21.337294
42.0, -21.337294
43.0, -20.840484
43.0, -20.840484
44.0, -20.352867
44.0, -20.352867
44.0, -20.352867
45.0, -19.875127
45.0, -19.875127
46.0, -19.407805
46.0, -19.407805
46.0, -19.407805
47.0, -18.951320
47.0, -18.951320
48.0, -18.505991
48.0, -18.505991
49.0, -18.072054
49.0, -18.072054
50.0, -17.649677
50.0, -17.649677
50.0, -17.649677
51.0, -17.238971
51.0, -17.238971
52.0, -16.839999
52.0, -16.839999
53.0, -16.452786
53.0, -16.452786
54.0, -16.077326
54.0, -16.077326
55.0, -15.713584
55.0, -15.713584
56.0, -15.361501
56.0, -15.361501
57.0, -15.020999
57.0, -15.020999
58.0, -14.691982
58.0, -14.691982
59.0, -14.374337
59.0, -14.374337
60.0, -14.067936
60.0, -14.067936
61.0, -13.772639
62.0, -13.488290
62.0, -13.488290
63.0, -13.214723
63.0, -13.214723
64.0, -12.951761
64.0, -12.951761
65.0, -12.699214
66.0, -12.456882
66.0, -12.456882
67.0, -12.224557
67.0, -12.224557
68.0, -12.002021
69.0, -11.789047
69.0, -11.789047
70.0, -11.585402
71.0, -11.390846
71.0, -11.390846
72.0, -11.205135
72.0, -11.205135
73.0, -11.028019
74.0, -10.859244
74.0, -10.859244
75.0, -10.698558
76.0, -10.545703
77.0, -10.400424
77.0, -10.400424
78.0, -10.262467
79.0, -10.131577
79.0, -10.131577
80.0, -10.007506
81.0, -9.890006
82.0, -9.778836
82.0, -9.778836
83.0, -9.673760
84.0, -9.574546
85.0, -9.480970
85.0, -9.480970
86.0, -9.392814
87.0, -9.309868
88.0, -9.231928
88.0, -9.231928
89.0, -9.158799
90.0, -9.090293
91.0, -9.026231
92.0, -8.966440
93.0, -8.910756
93.0, -8.910756
94.0, -8.859023
95.0, -8.811092
96.0, -8.766823
97.0, -8.726080
98.0, -8.688739
99.0, -8.654678
100.0, -8.623785
100.0, -8.623785
101.0, -8.595952
102.0, -8.571079
103.0, -8.549071
104.0, -8.529838
105.0, -8.513295
106.0, -8.499363
107.0, -8.487967
108.0, -8.479035
109.0, -8.472501
110.0, -8.468302
111.0, -8.466378
112.0, -8.466670
113.0, -8.469126
114.0, -8.473693
115.0, -8.480321
116.0, -8.488963
117.0, -8.499572
118.0, -8.512104
119.0, -8.526513
120.0, -8.542757
121.0, -8.560793
122.0, -8.580579
124.0, -8.625225
125.0, -8.650000
126.0, -8.676349
127.0, -8.704228
128.0, -8.733588
129.0, -8.764382
130.0, -8.796558
132.0, -8.864844
133.0, -8.900841
134.0, -8.937993
135.0, -8.976237
136.0, -9.015506
138.0, -9.096831
139.0, -9.138734
140.0, -9.181355
142.0, -9.268405
143.0, -9.312647
144.0, -9.357235
145.0, -9.402065
147.0, -9.492014
148.0, -9.536902
149.0, -9.581572
151.0, -9.669751
152.0, -9.712998
153.0, -9.755504
155.0, -9.837736
156.0, -9.877180
158.0, -9.952008
159.0, -9.987106
161.0, -10.051964
162.0, -10.081448
163.0, -10.108789
165.0, -10.156539
166.0, -10.176709
168.0, -10.209098
170.0, -10.230263
171.0, -10.236440
173.0, -10.239683
174.0, -10.236665
176.0, -10.221224
177.0, -10.208789
179.0, -10.174550
181.0, -10.128032
182.0, -10.100291
184.0, -10.036173
186.0, -9.961084
187.0, -9.919656
189.0, -9.829549
191.0, -9.730513
192.0, -9.677935
194.0, -9.567252
196.0, -9.449993
198.0, -9.327101
199.0, -9.263831
201.0, -9.134194
203.0, -9.001130
205.0, -8.865431
207.0, -8.727824
209.0, -8.588973
210.0, -8.519271
212.0, -8.379655
214.0, -8.240166
216.0, -8.101245
218.0, -7.963272
220.0, -7.826577
222.0, -7.691438
224.0, -7.558090
226.0, -7.426728
228.0, -7.297510
230.0, -7.170564
232.0, -7.045988
235.0, -6.863727
237.0, -6.745358
239.0, -6.629532
241.0, -6.516262
243.0, -6.405546
245.0, -6.297372
248.0, -6.139831
250.0, -6.037905
252.0, -5.938419
254.0, -5.841330
257.0, -5.700092
259.0, -5.608791
261.0, -5.519718
264.0, -5.390169
266.0, -5.306433
268.0, -5.224736
271.0, -5.105899
273.0, -5.029067
276.0, -4.917277
278.0, -4.844980
281.0, -4.739752
283.0, -4.671673
286.0, -4.572542
289.0, -4.476858
291.0, -4.414909
294.0, -4.324637
296.0, -4.266163
299.0, -4.180912
302.0, -4.098497
305.0, -4.018795
307.0, -3.967108
310.0, -3.891667
313.0, -3.818634
316.0, -3.747906
319.0, -3.679386
321.0, -3.634884
324.0, -3.569835
327.0, -3.506753
330.0, -3.445555
333.0, -3.386164
336.0, -3.328507
339.0, -3.272511
342.0, -3.218112
345.0, -3.165244
349.0, -3.097033
352.0, -3.047509
355.0, -2.999327
358.0, -2.952434
361.0, -2.906781
365.0, -2.847760
368.0, -2.804824
371.0, -2.762980
375.0, -2.708819
378.0, -2.669373
381.0, -2.630892
385.0, -2.581029
388.0, -2.544671
392.0, -2.497523
395.0, -2.463119
399.0, -2.418472
403.0, -2.375165
406.0, -2.343528
410.0, -2.302426
414.0, -2.262507
417.0, -2.233313
421.0, -2.195343
425.0, -2.158422
429.0, -2.122504
433.0, -2.087548
437.0, -2.053513
441.0, -2.020361
445.0, -1.988056
449.0, -1.956563
453.0, -1.925849
457.0, -1.895883
461.0, -1.866635
465.0, -1.838076
469.0, -1.810179
474.0, -1.776198
478.0, -1.749697
482.0, -1.723777
486.0, -1.698417
491.0, -1.667470
495.0, -1.643291
500.0, -1.613758
504.0, -1.590661
509.0, -1.562425
513.0, -1.540323
518.0, -1.513278
523.0, -1.486853
528.0, -1.461019
532.0, -1.440761
537.0, -1.415927
542.0, -1.391614
547.0, -1.367800
552.0, -1.344463
557.0, -1.321584
562.0, -1.299142
567.0, -1.277119
572.0, -1.255500
577.0, -1.234268
582.0, -1.213407
588.0, -1.188845
593.0, -1.168754
598.0, -1.148992
604.0, -1.125697
609.0, -1.106622
615.0, -1.084121
620.0, -1.065685
626.0, -1.043926
632.0, -1.022554
637.0, -1.005031
643.0, -0.984339
649.0, -0.964005
655.0, -0.944020
661.0, -0.924380
667.0, -0.905077
673.0, -0.886109
679.0, -0.867472
685.0, -0.849165
691.0, -0.831186
697.0, -0.813535
704.0, -0.793360
710.0, -0.776427
716.0, -0.759828
723.0, -0.740893
729.0, -0.725036
736.0, -0.706979
743.0, -0.689410
749.0, -0.674748
756.0, -0.658116
763.0, -0.642009
770.0, -0.626440
777.0, -0.611427
784.0, -0.596986
791.0, -0.583134
798.0, -0.569889
805.0, -0.557272
813.0, -0.543644
820.0, -0.532435
827.0, -0.521915
835.0, -0.510760
842.0, -0.501784
850.0, -0.492446
858.0, -0.484120
865.0, -0.477688
873.0, -0.471337
881.0, -0.466079
889.0, -0.461940
897.0, -0.458944
905.0, -0.457116
913.0, -0.456476
922.0, -0.457201
930.0, -0.459149
938.0, -0.462340
947.0, -0.467431
956.0, -0.474124
964.0, -0.481429
973.0, -0.491175
982.0, -0.502544
991.0, -0.515533
1000.0, -0.530135
1009.0, -0.546342
1018.0, -0.564138
1027.0, -0.583505
1036.0, -0.604422
1045.0, -0.626862
1055.0, -0.653547
1064.0, -0.679102
1074.0, -0.709163
1084.0, -0.740926
1094.0, -0.774334
1103.0, -0.805757
1113.0, -0.842120
1124.0, -0.883806
1134.0, -0.923163
1144.0, -0.963838
1154.0, -1.005764
1165.0, -1.053241
1175.0, -1.097561
1186.0, -1.147502
1197.0, -1.198598
1207.0, -1.245974
1218.0, -1.299024
1229.0, -1.352968
1240.0, -1.407723
1252.0, -1.468282
1263.0, -1.524468
1274.0, -1.581220
1286.0, -1.643692
1298.0, -1.706661
1309.0, -1.764749
1321.0, -1.828441
1333.0, -1.892401
1345.0, -1.956557
1357.0, -2.020845
1369.0, -2.085204
1382.0, -2.154945
1394.0, -2.219282
1407.0, -2.288883
1420.0, -2.358331
1433.0, -2.427577
1445.0, -2.491281
1459.0, -2.565297
1472.0, -2.633696
1485.0, -2.701747
1498.0, -2.769421
1512.0, -2.841854
1526.0, -2.913799
1539.0, -2.980148
1553.0, -3.051091
1567.0, -3.121492
1582.0, -3.196303
1596.0, -3.265539
1610.0, -3.334198
1625.0, -3.407113
1639.0, -3.474556
1654.0, -3.546157
1669.0, -3.617071
1684.0, -3.687294
1700.0, -3.761434
1715.0, -3.830221
1730.0, -3.898307
1746.0, -3.970157
1762.0, -4.041203
1778.0, -4.111440
1794.0, -4.180862
1810.0, -4.249460
1826.0, -4.317228
1843.0, -4.388308
1860.0, -4.458423
1876.0, -4.523518
1893.0, -4.591710
1910.0, -4.658882
1928.0, -4.728865
1945.0, -4.793855
1963.0, -4.861464
1980.0, -4.924146
1998.0, -4.989235
2016.0, -5.052962
2035.0, -5.118698
2053.0, -5.179468
2072.0, -5.241962
2090.0, -5.299541
2109.0, -5.358533
2128.0, -5.415616
2147.0, -5.470713
2167.0, -5.526474
2186.0, -5.577238
2206.0, -5.628251
2226.0, -5.676683
2246.0, -5.722432
2267.0, -5.767470
2287.0, -5.807405
2308.0, -5.846118
2329.0, -5.881426
2350.0, -5.913220
2371.0, -5.941398
2392.0, -5.965862
2414.0, -5.987410
2436.0, -6.004689
2458.0, -6.017615
2480.0, -6.026116
2502.0, -6.030134
2525.0, -6.029490
2548.0, -6.023860
2571.0, -6.013227
2594.0, -5.997593
2617.0, -5.976977
2641.0, -5.950197
2665.0, -5.918103
2689.0, -5.880783
2713.0, -5.838349
2738.0, -5.788851
2763.0, -5.734119
2788.0, -5.674347
2813.0, -5.609749
2838.0, -5.540560
2864.0, -5.464003
2890.0, -5.383051
2916.0, -5.298020
2942.0, -5.209239
2969.0, -5.113440
2996.0, -5.014356
3023.0, -4.912389
3050.0, -4.807945
3078.0, -4.697456
3105.0, -4.589240
3133.0, -4.475729
3162.0, -4.357265
3190.0, -4.242489
3219.0, -4.123684
3248.0, -4.005437
3278.0, -3.884207
3307.0, -3.768553
3337.0, -3.650982
3367.0, -3.535984
3398.0, -3.420336
3428.0, -3.311932
3459.0, -3.203967
3491.0, -3.097256
3522.0, -2.998834
3554.0, -2.902689
3586.0, -2.812374
3619.0, -2.725601
3651.0, -2.647824
3684.0, -2.574327
3718.0, -2.505823
3751.0, -2.446372
3785.0, -2.392342
3819.0, -2.345557
3854.0, -2.304811
3889.0, -2.271380
3924.0, -2.245005
3959.0, -2.225387
3995.0, -2.211907
4031.0, -2.204831
4067.0, -2.203748
4104.0, -2.208434
4141.0, -2.218535
4179.0, -2.234056
4216.0, -2.253713
4255.0, -2.278789
4293.0, -2.307054
4332.0, -2.339529
4371.0, -2.375070
4410.0, -2.413258
4450.0, -2.454769
4491.0, -2.499382
4531.0, -2.544564
4572.0, -2.592242
4613.0, -2.640999
4655.0, -2.691780
4697.0, -2.743149
4740.0, -2.796113
4782.0, -2.848006
4826.0, -2.902353
4869.0, -2.955288
4913.0, -3.009131
4958.0, -3.063735
5002.0, -3.116570
5048.0, -3.171127
5093.0, -3.223754
5139.0, -3.276730
5186.0, -3.329950
5232.0, -3.381115
5280.0, -3.433502
5327.0, -3.483787
5376.0, -3.535138
5424.0, -3.584373
5473.0, -3.633546
5523.0, -3.682599
5573.0, -3.730528
5623.0, -3.777350
5674.0, -3.823988
5725.0, -3.869517
5777.0, -3.914822
5829.0, -3.959027
5882.0, -4.002977
5935.0, -4.045844
5988.0, -4.087658
6042.0, -4.129208
6097.0, -4.170469
6152.0, -4.210695
6208.0, -4.250622
6264.0, -4.289543
6320.0, -4.327491
6378.0, -4.365801
6435.0, -4.402500
6493.0, -4.438908
6552.0, -4.475008
6611.0, -4.510198
6671.0, -4.545081
6731.0, -4.579086
6792.0, -4.612788
6853.0, -4.645644
6915.0, -4.678202
6978.0, -4.710452
7041.0, -4.741892
7104.0, -4.772551
7169.0, -4.803394
7233.0, -4.833008
7299.0, -4.862791
7365.0, -4.891836
7431.0, -4.920171
7498.0, -4.948235
7566.0, -4.976025
7635.0, -5.003539
7704.0, -5.030389
7773.0, -5.056604
7843.0, -5.082575
7914.0, -5.108303
7986.0, -5.133788
8058.0, -5.158691
8131.0, -5.183371
8204.0, -5.207506
8278.0, -5.231440
8353.0, -5.255177
8429.0, -5.278722
8505.0, -5.301782
8582.0, -5.324675
8659.0, -5.347120
8737.0, -5.369422
8816.0, -5.391590
8896.0, -5.413631
8976.0, -5.435284
9057.0, -5.456836
9139.0, -5.478294
9222.0, -5.499666
9305.0, -5.520708
9389.0, -5.541686
9474.0, -5.562608
9560.0, -5.583478
9646.0, -5.604065
9733.0, -5.624616
9821.0, -5.645133
9910.0, -5.665619
10000.0, -5.686072
10090.0, -5.706266
10181.0, -5.726425
10273.0, -5.746541
10366.0, -5.766605
10459.0, -5.786390
10554.0, -5.806305
10649.0, -5.825909
10746.0, -5.845590
10843.0, -5.864911
10941.0, -5.884041
11039.0, -5.902751
11139.0, -5.921374
11240.0, -5.939665
11341.0, -5.957389
11444.0, -5.974830
11547.0, -5.991571
11652.0, -6.007855
11757.0, -6.023277
11863.0, -6.037896
11970.0, -6.051598
12079.0, -6.064376
12188.0, -6.075861
12298.0, -6.086035
12409.0, -6.094747
12521.0, -6.101832
12634.0, -6.107119
12748.0, -6.110425
12863.0, -6.111558
12980.0, -6.110297
13097.0, -6.106456
13215.0, -6.099818
13335.0, -6.090073
13455.0, -6.077159
13577.0, -6.060636
13699.0, -6.040552
13823.0, -6.016357
13948.0, -5.987984
14074.0, -5.955228
14201.0, -5.917895
14330.0, -5.875460
14459.0, -5.828420
14590.0, -5.775908
14722.0, -5.718155
14855.0, -5.655074
14989.0, -5.586608
15124.0, -5.512733
15261.0, -5.432856
15399.0, -5.347553
15538.0, -5.256903
15678.0, -5.161024
15820.0, -5.059337
15963.0, -4.952698
16107.0, -4.841331
16253.0, -4.724675
16399.0, -4.604609
16548.0, -4.478942
16697.0, -4.350503
16848.0, -4.217921
17000.0, -4.082417
17154.0, -3.943462
17309.0, -3.802334
17465.0, -3.659427
17623.0, -3.514219
17782.0, -3.368023
17943.0, -3.220317
18105.0, -3.072416
18269.0, -2.923801
18434.0, -2.775769
18600.0, -2.628685
18768.0, -2.482038
18938.0, -2.336214
19109.0, -2.192431
19282.0, -2.050196
19456.0, -1.910671
19632.0, -1.773386
19809.0, -1.639439
19988.0, -1.508387
20169.0, -1.380571
20351.0, -1.256996
20535.0, -1.137272
20720.0, -1.022332
20908.0, -0.911259
21096.0, -0.806098
21287.0, -0.705438
21479.0, -0.610649
21673.0, -0.521498
21869.0, -0.438296
22067.0, -0.361352
22266.0, -0.291307
22467.0, -0.228058
22670.0, -0.171906
22875.0, -0.123151
23082.0, -0.082087
23290.0, -0.049144
23501.0, -0.024290
23713.0, -0.008039
23927.0, -0.000520
24144.0, -200.000000
24362.0, -200.000000
24582.0, -200.000000
24804.0, -200.000000
25028.0, -200.000000
25254.0, -200.000000
25482.0, -200.000000
25713.0, -200.000000
25945.0, -200.000000
26179.0, -200.000000
26416.0, -200.000000
26655.0, -200.000000
26895.0, -200.000000
27138.0, -200.000000
27384.0, -200.000000
27631.0, -200.000000
27881.0, -200.000000
28133.0, -200.000000
28387.0, -200.000000
28643.0, -200.000000
28902.0, -200.000000
29163.0, -200.000000
29427.0, -200.000000
29693.0, -200.000000
29961.0, -200.000000
30232.0, -200.000000
30505.0, -200.000000
30780.0, -200.000000
31059.0, -200.000000
31339.0, -200.000000
31622.0, -200.000000
31908.0, -200.000000
32196.0, -200.000000
32487.0, -200.000000
32781.0, -200.000000
33077.0, -200.000000
33376.0, -200.000000
33677.0, -200.000000
33982.0, -200.000000
34289.0, -200.000000
34598.0, -200.000000
34911.0, -200.000000
35226.0, -200.000000
35545.0, -200.000000
35866.0, -200.000000
36190.0, -200.000000
36517.0, -200.000000
36847.0, -200.000000
37180.0, -200.000000
37516.0, -200.000000
37855.0, -200.000000
38197.0, -200.000000
38542.0, -200.000000
38890.0, -200.000000
39241.0, -200.000000
39596.0, -200.000000
39954.0, -200.000000
40315.0, -200.000000
40679.0, -200.000000
41046.0, -200.000000
41417.0, -200.000000
41792.0, -200.000000
42169.0, -200.000000
42550.0, -200.000000
42935.0, -200.000000
43323.0, -200.000000
43714.0, -200.000000
44109.0, -200.000000
44507.0, -200.000000
44910.0, -200.000000
45315.0, -200.000000
45725.0, -200.000000
46138.0, -200.000000
46555.0, -200.000000
46975.0, -200.000000
47400.0, -200.000000
47828.0, -200.000000
48260.0, -200.000000
48696.0, -200.000000
49136.0, -200.000000
49580.0, -200.000000
50028.0, -200.000000
50480.0, -200.000000
50936.0, -200.000000
51396.0, -200.000000
51861.0, -200.000000
52329.0, -200.000000
52802.0, -200.000000
53279.0, -200.000000
53761.0, -200.000000
54246.0, -200.000000
54737.0, -200.000000
55231.0, -200.000000
55730.0, -200.000000
56234.0, -200.000000
56742.0, -200.000000
57254.0, -200.000000
57772.0, -200.000000
58294.0, -200.000000
58820.0, -200.000000
59352.0, -200.000000
59888.0, -200.000000
60429.0, -200.000000
60975.0, -200.000000
61526.0, -200.000000
62082.0, -200.000000
62643.0, -200.000000
63209.0, -200.000000
63780.0, -200.000000
64356.0, -200.000000
64938.0, -200.000000
65524.0, -200.000000
66116.0, -200.000000
66714.0, -200.000000
67317.0, -200.000000
67925.0, -200.000000
68538.0, -200.000000
69158.0, -200.000000
69783.0, -200.000000
70413.0, -200.000000
71049.0, -200.000000
71691.0, -200.000000
72339.0, -200.000000
72993.0, -200.000000
73652.0, -200.000000
74317.0, -200.000000
74989.0, -200.000000
75666.0, -200.000000
76350.0, -200.000000
77040.0, -200.000000
77736.0, -200.000000
78438.0, -200.000000
79147.0, -200.000000
79862.0, -200.000000
80584.0, -200.000000
81312.0, -200.000000
82046.0, -200.000000
82788.0, -200.000000
83536.0, -200.000000
84291.0, -200.000000
85052.0, -200.000000
85821.0, -200.000000
86596.0, -200.000000
87378.0, -200.000000
88168.0, -200.000000
88964.0, -200.000000
89768.0, -200.000000
90579.0, -200.000000
91398.0, -200.000000
92223.0, -200.000000
93057.0, -200.000000
93897.0, -200.000000
94746.0, -200.000000
95602.0, -200.000000
96466.0, -200.000000
97337.0, -200.000000
98217.0, -200.000000
99104.0, -200.000000
