"Frequency", "Magnitude"
10.0, -0.844387
10.0, -0.844387
10.0, -0.844387
10.0, -0.844387
10.0, -0.844387
10.0, -0.844387
10.0, -0.844387
10.0, -0.844387
10.0, -0.844387
10.0, -0.844387
10.0, -0.844387
11.0, -1.084832
11.0, -1.084832
11.0, -1.084832
11.0, -1.084832
11.0, -1.084832
11.0, -1.084832
11.0, -1.084832
11.0, -1.084832
11.0, -1.084832
11.0, -1.084832
12.0, -1.380138
12.0, -1.380138
12.0, -1.380138
12.0, -1.380138
12.0, -1.380138
12.0, -1.380138
12.0, -1.380138
12.0, -1.380138
12.0, -1.380138
13.0, -1.743712
13.0, -1.743712
13.0, -1.743712
13.0, -1.743712
13.0, -1.743712
13.0, -1.743712
13.0, -1.743712
13.0, -1.743712
14.0, -2.192824
14.0, -2.192824
14.0, -2.192824
14.0, -2.192824
14.0, -2.192824
14.0, -2.192824
14.0, -2.192824
14.0, -2.192824
15.0, -2.749719
15.0, -2.749719
15.0, -2.749719
15.0, -2.749719
15.0, -2.749719
15.0, -2.749719
15.0, -2.749719
16.0, -3.443034
16.0, -3.443034
16.0, -3.443034
16.0, -3.443034
16.0, -3.443034
16.0, -3.443034
17.0, -4.309605
17.0, -4.309605
17.0, -4.309605
17.0, -4.309605
17.0, -4.309605
17.0, -4.309605
17.0, -4.309605
18.0, -5.396744
18.0, -5.396744
18.0, -5.396744
18.0, -5.396744
18.0, -5.396744
18.0, -5.396744
19.0, -6.764967
19.0, -6.764967
19.0, -6.764967
19.0, -6.764967
19.0, -6.764967
19.0, -6.764967
20.0, -8.490075
20.0, -8.490075
20.0, -8.490075
20.0, -8.490075
20.0, -8.490075
21.0, -10.657334
21.0, -10.657334
21.0, -10.657334
21.0, -10.657334
21.0, -10.657334
22.0, -13.308170
22.0, -13.308170
22.0, -13.308170
22.0, -13.308170
22.0, -13.308170
23.0, -16.161635
23.0, -16.161635
23.0, -16.161635
23.0, -16.161635
23.0, -16.161635
24.0, -17.929544
24.0, -17.929544
24.0, -17.929544
24.0, -17.929544
25.0, -17.510237
25.0, -17.510237
25.0, -17.510237
25.0, -17.510237
25.0, -17.510237
26.0, -16.303521
26.0, -16.303521
26.0, -16.303521
26.0, -16.303521
27.0, -15.525210
27.0, -15.525210
27.0, -15.525210
27.0, -15.525210
28.0, -15.480497
28.0, -15.480497
28.0, -15.480497
28.0, -15.480497
29.0, -16.240127
29.0, -16.240127
29.0, -16.240127
29.0, -16.240127
30.0, -17.836507
30.0, -17.836507
30.0, -17.836507
31.0, -20.026897
31.0, -20.026897
31.0, -20.026897
31.0, -20.026897
32.0, -21.250709
32.0, -21.250709
32.0, -21.250709
33.0, -19.803453
33.0, -19.803453
33.0, -19.803453
33.0, -19.803453
34.0, -17.588334
34.0, -17.588334
34.0, -17.588334
35.0, -16.056836
35.0, -16.056836
35.0, -16.056836
36.0, -15.433817
36.0, -15.433817
36.0, -15.433817
37.0, -15.656035
37.0, -15.656035
37.0, -15.656035
38.0, -16.349516
38.0, -16.349516
38.0, -16.349516
39.0, -16.331734
39.0, -16.331734
39.0, -16.331734
40.0, -14.611444
40.0, -14.611444
41.0, -12.183067
41.0, -12.183067
41.0, -12.183067
42.0, -10.017076
42.0, -10.017076
42.0, -10.017076
43.0, -8.303457
43.0, -8.303457
44.0, -6.975912
44.0, -6.975912
44.0, -6.975912
45.0, -5.938658
45.0, -5.938658
46.0, -5.113574
46.0, -5.113574
46.0, -5.113574
47.0, -4.443529
47.0, -4.443529
48.0, -3.887775
48.0, -3.887775
49.0, -3.417177
49.0, -3.417177
50.0, -3.010620
50.0, -3.010620
50.0, -3.010620
51.0, -2.652509
51.0, -2.652509
52.0, -2.331075
52.0, -2.331075
53.0, -2.037223
53.0, -2.037223
54.0, -1.763757
54.0, -1.763757
55.0, -1.504838
55.0, -1.504838
56.0, -1.255617
56.0, -1.255617
57.0, -1.011979
57.0, -1.011979
58.0, -0.770371
58.0, -0.770371
59.0, -0.527699
59.0, -0.527699
60.0, -0.281273
60.0, -0.281273
61.0, -0.028811
62.0, 0.231510
62.0, 0.231510
63.0, 0.500949
63.0, 0.500949
64.0, 0.780034
64.0, 0.780034
65.0, 1.068328
66.0, 1.364148
66.0, 1.364148
67.0, 1.664242
67.0, 1.664242
68.0, 1.963476
69.0, 2.254623
69.0, 2.254623
70.0, 2.528376
71.0, 2.773748
71.0, 2.773748
72.0, 2.978977
72.0, 2.978977
73.0, 3.132943
74.0, 3.226886
74.0, 3.226886
75.0, 3.255977
76.0, 3.220220
77.0, 3.124351
77.0, 3.124351
78.0, 2.976795
79.0, 2.788069
79.0, 2.788069
80.0, 2.569163
81.0, 2.330280
82.0, 2.080073
82.0, 2.080073
83.0, 1.825354
84.0, 1.571123
85.0, 1.320782
85.0, 1.320782
86.0, 1.076421
87.0, 0.839104
88.0, 0.609132
88.0, 0.609132
89.0, 0.386243
90.0, 0.169786
91.0, -0.041159
92.0, -0.247684
93.0, -0.450983
93.0, -0.450983
94.0, -0.652290
95.0, -0.852831
96.0, -1.053766
97.0, -1.256129
98.0, -1.460749
99.0, -1.668150
100.0, -1.878428
100.0, -1.878428
101.0, -2.091106
102.0, -2.304972
103.0, -2.517940
104.0, -2.726957
105.0, -2.928027
106.0, -3.116402
107.0, -3.286999
108.0, -3.435003
109.0, -3.556590
110.0, -3.649578
111.0, -3.713823
112.0, -3.751246
113.0, -3.765466
114.0, -3.761190
115.0, -3.743528
116.0, -3.717404
117.0, -3.687147
118.0, -3.656291
119.0, -3.627527
120.0, -3.602770
121.0, -3.583276
122.0, -3.569782
124.0, -3.561885
125.0, -3.567414
126.0, -3.578963
127.0, -3.596205
128.0, -3.618771
129.0, -3.646280
130.0, -3.678351
132.0, -3.754715
133.0, -3.798323
134.0, -3.845125
135.0, -3.894827
136.0, -3.947157
138.0, -4.058692
139.0, -4.117429
140.0, -4.177856
142.0, -4.302971
143.0, -4.367273
144.0, -4.432493
145.0, -4.498453
147.0, -4.631892
148.0, -4.699031
149.0, -4.766224
151.0, -4.900102
152.0, -4.966454
153.0, -5.032195
155.0, -5.161179
156.0, -5.224095
158.0, -5.345962
159.0, -5.404594
161.0, -5.516477
162.0, -5.569428
163.0, -5.620193
165.0, -5.714623
166.0, -5.758033
168.0, -5.836669
170.0, -5.903733
171.0, -5.932716
173.0, -5.981268
174.0, -6.000744
176.0, -6.029961
177.0, -6.039684
179.0, -6.049408
181.0, -6.046373
182.0, -6.040190
184.0, -6.018815
186.0, -5.985966
187.0, -5.965470
189.0, -5.916843
191.0, -5.858776
192.0, -5.826490
194.0, -5.756007
196.0, -5.678436
198.0, -5.594723
199.0, -5.550850
201.0, -5.459629
203.0, -5.364476
205.0, -5.266185
207.0, -5.165489
209.0, -5.063055
210.0, -5.011377
212.0, -4.907443
214.0, -4.803154
216.0, -4.698954
218.0, -4.595229
220.0, -4.492313
222.0, -4.390490
224.0, -4.289999
226.0, -4.191041
228.0, -4.093780
230.0, -3.998348
232.0, -3.904850
235.0, -3.768398
237.0, -3.680038
239.0, -3.593804
241.0, -3.509712
243.0, -3.427768
245.0, -3.347964
248.0, -3.232236
250.0, -3.157700
252.0, -3.085220
254.0, -3.014759
257.0, -2.912766
259.0, -2.847172
261.0, -2.783445
264.0, -2.691253
266.0, -2.631985
268.0, -2.574415
271.0, -2.491137
273.0, -2.437597
276.0, -2.360137
278.0, -2.310327
281.0, -2.238242
283.0, -2.191873
286.0, -2.124743
289.0, -2.060393
291.0, -2.018970
294.0, -1.958954
296.0, -1.920301
299.0, -1.864268
302.0, -1.810466
305.0, -1.758784
307.0, -1.725456
310.0, -1.677078
313.0, -1.630552
316.0, -1.585786
319.0, -1.542694
321.0, -1.514855
324.0, -1.474372
327.0, -1.435355
330.0, -1.397731
333.0, -1.361435
336.0, -1.326402
339.0, -1.292574
342.0, -1.259892
345.0, -1.228304
349.0, -1.187800
352.0, -1.158570
355.0, -1.130274
358.0, -1.102870
361.0, -1.076316
365.0, -1.042171
368.0, -1.017459
371.0, -0.993478
375.0, -0.962586
378.0, -0.940190
381.0, -0.918424
385.0, -0.890337
388.0, -0.869939
392.0, -0.843586
395.0, -0.824424
399.0, -0.799639
403.0, -0.775682
406.0, -0.758230
410.0, -0.735615
414.0, -0.713710
417.0, -0.697724
421.0, -0.676971
425.0, -0.656827
429.0, -0.637261
433.0, -0.618240
437.0, -0.599738
441.0, -0.581724
445.0, -0.564175
449.0, -0.547064
453.0, -0.530369
457.0, -0.514067
461.0, -0.498138
465.0, -0.482560
469.0, -0.467315
474.0, -0.448699
478.0, -0.434138
482.0, -0.419853
486.0, -0.405829
491.0, -0.388642
495.0, -0.375151
500.0, -0.358586
504.0, -0.345558
509.0, -0.329532
513.0, -0.316904
518.0, -0.301341
523.0, -0.286004
528.0, -0.270873
532.0, -0.258903
537.0, -0.244093
542.0, -0.229435
547.0, -0.214911
552.0, -0.200503
557.0, -0.186196
562.0, -0.171972
567.0, -0.157816
572.0, -0.143712
577.0, -0.129645
582.0, -0.115601
588.0, -0.098757
593.0, -0.084712
598.0, -0.070644
604.0, -0.053713
609.0, -0.039547
615.0, -0.022459
620.0, -0.008130
626.0, 0.009191
632.0, 0.026671
637.0, 0.041375
643.0, 0.059204
649.0, 0.077255
655.0, 0.095550
661.0, 0.114110
667.0, 0.132958
673.0, 0.152115
679.0, 0.171604
685.0, 0.191446
691.0, 0.211662
697.0, 0.232276
704.0, 0.256856
710.0, 0.278404
716.0, 0.300418
723.0, 0.326718
729.0, 0.349814
736.0, 0.377435
743.0, 0.405813
749.0, 0.430765
756.0, 0.460635
763.0, 0.491351
770.0, 0.522940
777.0, 0.555430
784.0, 0.588843
791.0, 0.623200
798.0, 0.658520
805.0, 0.694816
813.0, 0.737505
820.0, 0.775918
827.0, 0.815320
835.0, 0.861549
842.0, 0.903028
850.0, 0.951575
858.0, 1.001289
865.0, 1.045688
873.0, 1.097379
881.0, 1.149975
889.0, 1.203344
897.0, 1.257328
905.0, 1.311742
913.0, 1.366377
922.0, 1.427808
930.0, 1.482086
938.0, 1.535750
947.0, 1.594987
956.0, 1.652548
964.0, 1.701885
973.0, 1.754838
982.0, 1.804556
991.0, 1.850482
1000.0, 1.892071
1009.0, 1.928805
1018.0, 1.960204
1027.0, 1.985844
1036.0, 2.005369
1045.0, 2.018498
1055.0, 2.025355
1064.0, 2.024463
1074.0, 2.015623
1084.0, 1.998655
1094.0, 1.973818
1103.0, 1.945042
1113.0, 1.906354
1124.0, 1.856251
1134.0, 1.804474
1144.0, 1.747397
1154.0, 1.685638
1165.0, 1.613021
1175.0, 1.543380
1186.0, 1.463456
1197.0, 1.380692
1207.0, 1.303482
1218.0, 1.216860
1229.0, 1.128892
1240.0, 1.039945
1252.0, 0.942147
1263.0, 0.852051
1274.0, 0.761714
1286.0, 0.663046
1298.0, 0.564375
1309.0, 0.473996
1321.0, 0.375530
1333.0, 0.277236
1345.0, 0.179148
1357.0, 0.081307
1369.0, -0.016235
1382.0, -0.121473
1394.0, -0.218093
1407.0, -0.322006
1420.0, -0.424866
1433.0, -0.526324
1445.0, -0.618365
1459.0, -0.723247
1472.0, -0.817631
1485.0, -0.908470
1498.0, -0.995095
1512.0, -1.082896
1526.0, -1.164213
1539.0, -1.233279
1553.0, -1.300156
1567.0, -1.358845
1582.0, -1.412404
1596.0, -1.453725
1610.0, -1.486949
1625.0, -1.514116
1639.0, -1.532316
1654.0, -1.545089
1669.0, -1.551985
1684.0, -1.554155
1700.0, -1.552539
1715.0, -1.548476
1730.0, -1.542946
1746.0, -1.536400
1762.0, -1.530059
1778.0, -1.524657
1794.0, -1.520784
1810.0, -1.518897
1826.0, -1.519338
1843.0, -1.522634
1860.0, -1.529038
1876.0, -1.538014
1893.0, -1.550744
1910.0, -1.566779
1928.0, -1.587340
1945.0, -1.610097
1963.0, -1.637656
1980.0, -1.666878
1998.0, -1.701106
2016.0, -1.738611
2035.0, -1.781631
2053.0, -1.825517
2072.0, -1.875010
2090.0, -1.924770
2109.0, -1.980178
2128.0, -2.038391
2147.0, -2.099235
2167.0, -2.165923
2186.0, -2.231578
2206.0, -2.302869
2226.0, -2.376125
2246.0, -2.451041
2267.0, -2.531123
2287.0, -2.608363
2308.0, -2.690034
2329.0, -2.771782
2350.0, -2.853049
2371.0, -2.933227
2392.0, -3.011664
2414.0, -3.091210
2436.0, -3.167233
2458.0, -3.238847
2480.0, -3.305141
2502.0, -3.365187
2525.0, -3.420281
2548.0, -3.466510
2571.0, -3.502902
2594.0, -3.528564
2617.0, -3.542713
2641.0, -3.544507
2665.0, -3.532509
2689.0, -3.506376
2713.0, -3.465984
2738.0, -3.408855
2763.0, -3.336726
2788.0, -3.250198
2813.0, -3.150082
2838.0, -3.037361
2864.0, -2.907964
2890.0, -2.767510
2916.0, -2.617426
2942.0, -2.459158
2969.0, -2.287672
2996.0, -2.110445
3023.0, -1.928941
3050.0, -1.744522
3078.0, -1.551533
3105.0, -1.364931
3133.0, -1.171995
3162.0, -0.973856
3190.0, -0.785096
3219.0, -0.593076
3248.0, -0.405346
3278.0, -0.216353
3307.0, -0.039276
3337.0, 0.137573
3367.0, 0.307532
3398.0, 0.475504
3428.0, 0.630320
3459.0, 0.782014
3491.0, 0.929522
3522.0, 1.063437
3554.0, 1.192255
3586.0, 1.311414
3619.0, 1.424132
3651.0, 1.523582
3684.0, 1.616031
3718.0, 1.700651
3751.0, 1.772611
3785.0, 1.836468
3819.0, 1.890124
3854.0, 1.934985
3889.0, 1.969641
3924.0, 1.994430
3959.0, 2.009696
3995.0, 2.015824
4031.0, 2.012593
4067.0, 2.000325
4104.0, 1.978589
4141.0, 1.947827
4179.0, 1.906983
4216.0, 1.858230
4255.0, 1.797119
4293.0, 1.727678
4332.0, 1.645734
4371.0, 1.552245
4410.0, 1.446302
4450.0, 1.323706
4491.0, 1.182601
4531.0, 1.029973
4572.0, 0.860298
4613.0, 0.682917
4655.0, 0.504446
4697.0, 0.345932
4740.0, 0.223350
4782.0, 0.154811
4826.0, 0.136870
4869.0, 0.159146
4913.0, 0.203031
4958.0, 0.251986
5002.0, 0.292573
5048.0, 0.321746
5093.0, 0.335902
5139.0, 0.336614
5186.0, 0.324906
5232.0, 0.303334
5280.0, 0.272160
5327.0, 0.234733
5376.0, 0.189887
5424.0, 0.141318
5473.0, 0.087904
5523.0, 0.030135
5573.0, -0.030372
5623.0, -0.093191
5674.0, -0.159323
5725.0, -0.227294
5777.0, -0.298312
5829.0, -0.370942
5882.0, -0.446547
5935.0, -0.523705
5988.0, -0.602399
6042.0, -0.684167
6097.0, -0.769120
6152.0, -0.855793
6208.0, -0.945850
6264.0, -1.037771
6320.0, -1.131588
6378.0, -1.230775
6435.0, -1.330253
6493.0, -1.433482
6552.0, -1.540496
6611.0, -1.649408
6671.0, -1.761922
6731.0, -1.875939
6792.0, -1.993030
6853.0, -2.110831
6915.0, -2.230686
6978.0, -2.351846
7041.0, -2.471475
7104.0, -2.588547
7169.0, -2.705459
7233.0, -2.815451
7299.0, -2.922172
7365.0, -3.020685
7431.0, -3.109670
7498.0, -3.189071
7566.0, -3.257422
7635.0, -3.313507
7704.0, -3.355943
7773.0, -3.384878
7843.0, -3.401014
7914.0, -3.404776
7986.0, -3.396993
8058.0, -3.379158
8131.0, -3.352615
8204.0, -3.319402
8278.0, -3.280759
8353.0, -3.238233
8429.0, -3.193303
8505.0, -3.147925
8582.0, -3.102679
8659.0, -3.059122
8737.0, -3.017470
8816.0, -2.978382
8896.0, -2.942377
8976.0, -2.910221
9057.0, -2.881709
9139.0, -2.857019
9222.0, -2.836252
9305.0, -2.819619
9389.0, -2.806832
9474.0, -2.797843
9560.0, -2.792569
9646.0, -2.790906
9733.0, -2.792657
9821.0, -2.797697
9910.0, -2.805892
10000.0, -2.817103
10090.0, -2.831018
10181.0, -2.847610
10273.0, -2.866741
10366.0, -2.888274
10459.0, -2.911808
10554.0, -2.937714
10649.0, -2.965315
10746.0, -2.995056
10843.0, -3.026194
10941.0, -3.058894
11039.0, -3.092673
11139.0, -3.128089
11240.0, -3.164663
11341.0, -3.201884
11444.0, -3.240345
11547.0, -3.279155
11652.0, -3.318913
11757.0, -3.358707
11863.0, -3.398752
11970.0, -3.438881
12079.0, -3.479285
12188.0, -3.519039
12298.0, -3.558325
12409.0, -3.596944
12521.0, -3.634688
12634.0, -3.671341
12748.0, -3.706681
12863.0, -3.740477
12980.0, -3.772758
13097.0, -3.802728
13215.0, -3.830424
13335.0, -3.855795
13455.0, -3.878164
13577.0, -3.897648
13699.0, -3.913677
13823.0, -3.926265
13948.0, -3.935024
14074.0, -3.939723
14201.0, -3.940144
14330.0, -3.936038
14459.0, -3.927284
14590.0, -3.913587
14722.0, -3.894861
14855.0, -3.871000
14989.0, -3.841929
15124.0, -3.807603
15261.0, -3.767706
15399.0, -3.722501
15538.0, -3.672052
15678.0, -3.616461
15820.0, -3.555418
15963.0, -3.489475
16107.0, -3.418841
16253.0, -3.343219
16399.0, -3.263911
16548.0, -3.179545
16697.0, -3.092100
16848.0, -3.000739
17000.0, -2.906389
17154.0, -2.808772
17309.0, -2.708874
17465.0, -2.607072
17623.0, -2.503081
17782.0, -2.397927
17943.0, -2.291320
18105.0, -2.184288
18269.0, -2.076534
18434.0, -1.969068
18600.0, -1.862226
18768.0, -1.755695
18938.0, -1.649815
19109.0, -1.545519
19282.0, -1.442493
19456.0, -1.341617
19632.0, -1.242581
19809.0, -1.146203
19988.0, -1.052179
20169.0, -0.960769
20351.0, -0.872692
20535.0, -0.787670
20720.0, -0.706355
20908.0, -0.628084
21096.0, -0.554276
21287.0, -0.483916
21479.0, -0.417930
21673.0, -0.356120
21869.0, -0.298663
22067.0, -0.245733
22266.0, -0.197726
22467.0, -0.154526
22670.0, -0.116296
22875.0, -0.083197
23082.0, -0.055390
23290.0, -0.033129
23501.0, -0.016363
23713.0, -0.005412
23927.0, -0.000350
24144.0, -200.000000
24362.0, -200.000000
24582.0, -200.000000
24804.0, -200.000000
25028.0, -200.000000
25254.0, -200.000000
25482.0, -200.000000
25713.0, -200.000000
25945.0, -200.000000
26179.0, -200.000000
26416.0, -200.000000
26655.0, -200.000000
26895.0, -200.000000
27138.0, -200.000000
27384.0, -200.000000
27631.0, -200.000000
27881.0, -200.000000
28133.0, -200.000000
28387.0, -200.000000
28643.0, -200.000000
28902.0, -200.000000
29163.0, -200.000000
29427.0, -200.000000
29693.0, -200.000000
29961.0, -200.000000
30232.0, -200.000000
30505.0, -200.000000
30780.0, -200.000000
31059.0, -200.000000
31339.0, -200.000000
31622.0, -200.000000
31908.0, -200.000000
32196.0, -200.000000
32487.0, -200.000000
32781.0, -200.000000
33077.0, -200.000000
33376.0, -200.000000
33677.0, -200.000000
33982.0, -200.000000
34289.0, -200.000000
34598.0, -200.000000
34911.0, -200.000000
35226.0, -200.000000
35545.0, -200.000000
35866.0, -200.000000
36190.0, -200.000000
36517.0, -200.000000
36847.0, -200.000000
37180.0, -200.000000
37516.0, -200.000000
37855.0, -200.000000
38197.0, -200.000000
38542.0, -200.000000
38890.0, -200.000000
39241.0, -200.000000
39596.0, -200.000000
39954.0, -200.000000
40315.0, -200.000000
40679.0, -200.000000
41046.0, -200.000000
41417.0, -200.000000
41792.0, -200.000000
42169.0, -200.000000
42550.0, -200.000000
42935.0, -200.000000
43323.0, -200.000000
43714.0, -200.000000
44109.0, -200.000000
44507.0, -200.000000
44910.0, -200.000000
45315.0, -200.000000
45725.0, -200.000000
46138.0, -200.000000
46555.0, -200.000000
46975.0, -200.000000
47400.0, -200.000000
47828.0, -200.000000
48260.0, -200.000000
48696.0, -200.000000
49136.0, -200.000000
49580.0, -200.000000
50028.0, -200.000000
50480.0, -200.000000
50936.0, -200.000000
51396.0, -200.000000
51861.0, -200.000000
52329.0, -200.000000
52802.0, -200.000000
53279.0, -200.000000
53761.0, -200.000000
54246.0, -200.000000
54737.0, -200.000000
55231.0, -200.000000
55730.0, -200.000000
56234.0, -200.000000
56742.0, -200.000000
57254.0, -200.000000
57772.0, -200.000000
58294.0, -200.000000
58820.0, -200.000000
59352.0, -200.000000
59888.0, -200.000000
60429.0, -200.000000
60975.0, -200.000000
61526.0, -200.000000
62082.0, -200.000000
62643.0, -200.000000
63209.0, -200.000000
63780.0, -200.000000
64356.0, -200.000000
64938.0, -200.000000
65524.0, -200.000000
66116.0, -200.000000
66714.0, -200.000000
67317.0, -200.000000
67925.0, -200.000000
68538.0, -200.000000
69158.0, -200.000000
69783.0, -200.000000
70413.0, -200.000000
71049.0, -200.000000
71691.0, -200.000000
72339.0, -200.000000
72993.0, -200.000000
73652.0, -200.000000
74317.0, -200.000000
74989.0, -200.000000
75666.0, -200.000000
76350.0, -200.000000
77040.0, -200.000000
77736.0, -200.000000
78438.0, -200.000000
79147.0, -200.000000
79862.0, -200.000000
80584.0, -200.000000
81312.0, -200.000000
82046.0, -200.000000
82788.0, -200.000000
83536.0, -200.000000
84291.0, -200.000000
85052.0, -200.000000
85821.0, -200.000000
86596.0, -200.000000
87378.0, -200.000000
88168.0, -200.000000
88964.0, -200.000000
89768.0, -200.000000
90579.0, -200.000000
91398.0, -200.000000
92223.0, -200.000000
93057.0, -200.000000
93897.0, -200.000000
94746.0, -200.000000
95602.0, -200.000000
96466.0, -200.000000
97337.0, -200.000000
98217.0, -200.000000
99104.0, -200.000000
